1000010,123456
1000011,123456
1000012,123456
1000013,123456
1000014,123456
1000015,123456
1000016,123456
1000017,123456
1000018,123456
1000019,123456
1000020,123456
1000021,123456
1000022,123456
1000023,123456
1000024,123456
1000025,123456
1000026,123456
1000027,123456
1000028,123456
1000029,123456
1000030,123456
1000031,123456
1000032,123456
1000033,123456
1000034,123456
1000035,123456
1000036,123456
1000037,123456
1000038,123456
1000039,123456
1000040,123456
1000041,123456
1000042,123456
1000043,123456
1000044,123456
1000045,123456
1000046,123456
1000047,123456
1000048,123456
1000049,123456
1000050,123456
1000051,123456
1000052,123456
1000053,123456
1000054,123456
1000055,123456
1000056,123456
1000057,123456
1000058,123456
1000059,123456
1000010,123456
1000011,123456
1000012,123456
1000013,123456
1000014,123456
1000015,123456
1000016,123456
1000017,123456
1000018,123456
1000019,123456
1000020,123456
1000021,123456
1000022,123456
1000023,123456
1000024,123456
1000025,123456
1000026,123456
1000027,123456
1000028,123456
1000029,123456
1000030,123456
1000031,123456
1000032,123456
1000033,123456
1000034,123456
1000035,123456
1000036,123456
1000037,123456
1000038,123456
1000039,123456
1000040,123456
1000041,123456
1000042,123456
1000043,123456
1000044,123456
1000045,123456
1000046,123456
1000047,123456
1000048,123456
1000049,123456
1000050,123456
1000051,123456
1000052,123456
1000053,123456
1000054,123456
1000055,123456
1000056,123456
1000057,123456
1000058,123456
1000059,123456
1000010,123456
1000011,123456
1000012,123456
1000013,123456
1000014,123456
1000015,123456
1000016,123456
1000017,123456
1000018,123456
1000019,123456
1000020,123456
1000021,123456
1000022,123456
1000023,123456
1000024,123456
1000025,123456
1000026,123456
1000027,123456
1000028,123456
1000029,123456
1000030,123456
1000031,123456
1000032,123456
1000033,123456
1000034,123456
1000035,123456
1000036,123456
1000037,123456
1000038,123456
1000039,123456
1000040,123456
1000041,123456
1000042,123456
1000043,123456
1000044,123456
1000045,123456
1000046,123456
1000047,123456
1000048,123456
1000049,123456
1000050,123456
1000051,123456
1000052,123456
1000053,123456
1000054,123456
1000055,123456
1000056,123456
1000057,123456
1000058,123456
1000059,123456
1000010,123456
1000011,123456
1000012,123456
1000013,123456
1000014,123456
1000015,123456
1000016,123456
1000017,123456
1000018,123456
1000019,123456
1000020,123456
1000021,123456
1000022,123456
1000023,123456
1000024,123456
1000025,123456
1000026,123456
1000027,123456
1000028,123456
1000029,123456
1000030,123456
1000031,123456
1000032,123456
1000033,123456
1000034,123456
1000035,123456
1000036,123456
1000037,123456
1000038,123456
1000039,123456
1000040,123456
1000041,123456
1000042,123456
1000043,123456
1000044,123456
1000045,123456
1000046,123456
1000047,123456
1000048,123456
1000049,123456
1000050,123456
1000051,123456
1000052,123456
1000053,123456
1000054,123456
1000055,123456
1000056,123456
1000057,123456
1000058,123456
1000059,123456