1000451,123456
1000452,123456
1000453,123456
1000454,123456
1000455,123456
1000456,123456
1000457,123456
1000458,123456
1000459,123456
1000460,123456
1000461,123456
1000462,123456
1000463,123456
1000464,123456
1000465,123456
1000466,123456
1000467,123456
1000468,123456
1000469,123456
1000470,123456
1000471,123456
1000472,123456
1000473,123456
1000474,123456
1000475,123456
1000476,123456
1000477,123456
1000478,123456
1000479,123456
1000480,123456
1000481,123456
1000482,123456
1000483,123456
1000484,123456
1000485,123456
1000486,123456
1000487,123456
1000488,123456
1000489,123456
1000490,123456
1000491,123456
1000492,123456
1000493,123456
1000494,123456
1000495,123456
1000496,123456
1000497,123456
1000498,123456
1000499,123456