1000000,123456
1000001,123456
1000002,123456
1000003,123456
1000004,123456
1000005,123456
1000006,123456
1000007,123456
1000008,123456
1000009,123456
1000150,123456
1000151,123456
1000152,123456
1000153,123456
1000154,123456
1000155,123456
1000156,123456
1000157,123456
1000158,123456
1000159,123456
1000250,123456
1000251,123456
1000252,123456
1000253,123456
1000254,123456
1000255,123456
1000256,123456
1000257,123456
1000258,123456
1000259,123456
1000300,123456
1000301,123456
1000302,123456
1000303,123456
1000304,123456
1000305,123456
1000306,123456
1000307,123456
1000308,123456
1000309,123456
1000350,123456
1000351,123456
1000352,123456
1000353,123456
1000354,123456
1000355,123456
1000356,123456
1000357,123456
1000358,123456
1000359,123456
1000400,123456
1000401,123456
1000402,123456
1000403,123456
1000404,123456
1000405,123456
1000406,123456
1000407,123456
1000408,123456
1000409,123456
1000450,123456
1000451,123456
1000452,123456
1000453,123456
1000454,123456
1000455,123456
1000456,123456
1000457,123456
1000458,123456
1000459,123456
1000010,123456
1000011,123456
1000012,123456
1000013,123456
1000014,123456
1000015,123456
1000016,123456
1000017,123456
1000018,123456
1000019,123456
1000160,123456
1000161,123456
1000162,123456
1000163,123456
1000164,123456
1000165,123456
1000166,123456
1000167,123456
1000168,123456
1000169,123456
1000260,123456
1000261,123456
1000262,123456
1000263,123456
1000264,123456
1000265,123456
1000266,123456
1000267,123456
1000268,123456
1000269,123456
1000310,123456
1000311,123456
1000312,123456
1000313,123456
1000314,123456
1000315,123456
1000316,123456
1000317,123456
1000318,123456
1000319,123456
1000360,123456
1000361,123456
1000362,123456
1000363,123456
1000364,123456
1000365,123456
1000366,123456
1000367,123456
1000368,123456
1000369,123456
1000410,123456
1000411,123456
1000412,123456
1000413,123456
1000414,123456
1000415,123456
1000416,123456
1000417,123456
1000418,123456
1000419,123456
1000460,123456
1000461,123456
1000462,123456
1000463,123456
1000464,123456
1000465,123456
1000466,123456
1000467,123456
1000468,123456
1000469,123456
1000020,123456
1000021,123456
1000022,123456
1000023,123456
1000024,123456
1000025,123456
1000026,123456
1000027,123456
1000028,123456
1000029,123456
1000170,123456
1000171,123456
1000172,123456
1000173,123456
1000174,123456
1000175,123456
1000176,123456
1000177,123456
1000178,123456
1000179,123456
1000270,123456
1000271,123456
1000272,123456
1000273,123456
1000274,123456
1000275,123456
1000276,123456
1000277,123456
1000278,123456
1000279,123456
1000320,123456
1000321,123456
1000322,123456
1000323,123456
1000324,123456
1000325,123456
1000326,123456
1000327,123456
1000328,123456
1000329,123456
1000370,123456
1000371,123456
1000372,123456
1000373,123456
1000374,123456
1000375,123456
1000376,123456
1000377,123456
1000378,123456
1000379,123456
1000420,123456
1000421,123456
1000422,123456
1000423,123456
1000424,123456
1000425,123456
1000426,123456
1000427,123456
1000428,123456
1000429,123456
1000470,123456
1000471,123456
1000472,123456
1000473,123456
1000474,123456
1000475,123456
1000476,123456
1000477,123456
1000478,123456
1000479,123456
1000030,123456
1000031,123456
1000032,123456
1000033,123456
1000034,123456
1000035,123456
1000036,123456
1000037,123456
1000038,123456
1000039,123456
1000180,123456
1000181,123456
1000182,123456
1000183,123456
1000184,123456
1000185,123456
1000186,123456
1000187,123456
1000188,123456
1000189,123456
1000280,123456
1000281,123456
1000282,123456
1000283,123456
1000284,123456
1000285,123456
1000286,123456
1000287,123456
1000288,123456
1000289,123456
1000330,123456
1000331,123456
1000332,123456
1000333,123456
1000334,123456
1000335,123456
1000336,123456
1000337,123456
1000338,123456
1000339,123456
1000380,123456
1000381,123456
1000382,123456
1000383,123456
1000384,123456
1000385,123456
1000386,123456
1000387,123456
1000388,123456
1000389,123456
1000430,123456
1000431,123456
1000432,123456
1000433,123456
1000434,123456
1000435,123456
1000436,123456
1000437,123456
1000438,123456
1000439,123456
1000480,123456
1000481,123456
1000482,123456
1000483,123456
1000484,123456
1000485,123456
1000486,123456
1000487,123456
1000488,123456
1000489,123456
1000040,123456
1000041,123456
1000042,123456
1000043,123456
1000044,123456
1000045,123456
1000046,123456
1000047,123456
1000048,123456
1000049,123456
1000190,123456
1000191,123456
1000192,123456
1000193,123456
1000194,123456
1000195,123456
1000196,123456
1000197,123456
1000198,123456
1000199,123456
1000290,123456
1000291,123456
1000292,123456
1000293,123456
1000294,123456
1000295,123456
1000296,123456
1000297,123456
1000298,123456
1000299,123456
1000340,123456
1000341,123456
1000342,123456
1000343,123456
1000344,123456
1000345,123456
1000346,123456
1000347,123456
1000348,123456
1000349,123456
1000390,123456
1000391,123456
1000392,123456
1000393,123456
1000394,123456
1000395,123456
1000396,123456
1000397,123456
1000398,123456
1000399,123456
1000440,123456
1000441,123456
1000442,123456
1000443,123456
1000444,123456
1000445,123456
1000446,123456
1000447,123456
1000448,123456
1000449,123456
1000490,123456
1000491,123456
1000492,123456
1000493,123456
1000494,123456
1000495,123456
1000496,123456
1000497,123456
1000498,123456
1000499,123456
1000050,123456
1000051,123456
1000052,123456
1000053,123456
1000054,123456
1000055,123456
1000056,123456
1000057,123456
1000058,123456
1000059,123456
1000200,123456
1000201,123456
1000202,123456
1000203,123456
1000204,123456
1000205,123456
1000206,123456
1000207,123456
1000208,123456
1000209,123456
1000060,123456
1000061,123456
1000062,123456
1000063,123456
1000064,123456
1000065,123456
1000066,123456
1000067,123456
1000068,123456
1000069,123456
1000210,123456
1000211,123456
1000212,123456
1000213,123456
1000214,123456
1000215,123456
1000216,123456
1000217,123456
1000218,123456
1000219,123456
1000070,123456
1000071,123456
1000072,123456
1000073,123456
1000074,123456
1000075,123456
1000076,123456
1000077,123456
1000078,123456
1000079,123456
1000220,123456
1000221,123456
1000222,123456
1000223,123456
1000224,123456
1000225,123456
1000226,123456
1000227,123456
1000228,123456
1000229,123456
1000080,123456
1000081,123456
1000082,123456
1000083,123456
1000084,123456
1000085,123456
1000086,123456
1000087,123456
1000088,123456
1000089,123456
1000230,123456
1000231,123456
1000232,123456
1000233,123456
1000234,123456
1000235,123456
1000236,123456
1000237,123456
1000238,123456
1000239,123456
1000090,123456
1000091,123456
1000092,123456
1000093,123456
1000094,123456
1000095,123456
1000096,123456
1000097,123456
1000098,123456
1000099,123456
1000240,123456
1000241,123456
1000242,123456
1000243,123456
1000244,123456
1000245,123456
1000246,123456
1000247,123456
1000248,123456
1000249,123456
1000100,123456
1000101,123456
1000102,123456
1000103,123456
1000104,123456
1000105,123456
1000106,123456
1000107,123456
1000108,123456
1000109,123456
1000110,123456
1000111,123456
1000112,123456
1000113,123456
1000114,123456
1000115,123456
1000116,123456
1000117,123456
1000118,123456
1000119,123456
1000120,123456
1000121,123456
1000122,123456
1000123,123456
1000124,123456
1000125,123456
1000126,123456
1000127,123456
1000128,123456
1000129,123456
1000130,123456
1000131,123456
1000132,123456
1000133,123456
1000134,123456
1000135,123456
1000136,123456
1000137,123456
1000138,123456
1000139,123456
1000140,123456
1000141,123456
1000142,123456
1000143,123456
1000144,123456
1000145,123456
1000146,123456
1000147,123456
1000148,123456
1000149,123456